436659
548035
366454
376120
575149
307831
377563
22983
764947
253559
54523
499968
498815
427962
800499
475421
571512
928210
632950
88929
787643
887261
909376
856661
665254
485518
262870
208361
40964
356048
47186
557238
512332
87419
628870
48121
570766
568337
764629
4985
758338
839861
164823
228229
333072
915878
553127
900788
314197
294253
127900
910171
91817
105541
532408
280026
799190
237509
214577
936304
571516
227019
548627
758159
302367
214694
830285
492783
153326
676077
97995
356151
892663
908083
175952
321142
669149
3281
16650
97011
186463
855236
693814
626316
271714
503463
115404
415936
389184
342366
349191
82118
513521
182090
852513
170817
765055
785225
32599
83082
33959
775646
237065
772422
182256
300319
544767
919697
319521
279273
346894
52939
637338
489413
410834
517508
127343
360094
873992
554064
11328
607061
151676
384449
745643
761992
569048
893801
113024
465648
96991
927070
840797
515177
805516
486945
271141
153873
64246
256224
880809
347492
595935
368038
280654
52463
218361
274176
451183
408821
379908
103718
937793
932710
257214
347845
823460
371240
871121
305320
744420
310506
672794
102163
796659
25081
127175
801838
257029
669386
118483
490196
570109
763364
57740
193385
802678
357286
802215
156027
25041
622177
852610
926067
199864
936363
147416
661121
923544
74243
761623
451155
739546
470898
167815
347743
365895
772700
511333
769480
838290
5157
14470
164860
368342
753430
466772
726116
741165
918333
329117
378744
237843
87029
436798
359241
658940
221589
717408
364944
39286
145494
351101
53380
184685
76892
513398
351523
80313
126773
444464
500750
397688
831683
924793
111944
354809
30712
438068
510357
179043
935426
482224
324471
870685
675092
644819
3131
34492
759519
234098
662414
767604
381197
23409
574962
190835
586411
381717
505150
615363
224310
406873
631391
254293
301832
757538
659592
452750
189537
185005
183226
112096
2853
502890
402685
795333
389405
664253
155468
549635
306765
379651
174785
164971
26869
1042
378087
250856
394667
709493
390191
751866
428016
362344
838926
703856
177699
39408
529224
127370
96486
949062
641139
856102
853841
151115
3134
75641
850598
153373
5245
284842
150329
925598
147405
235689
78642
283797
677790
408429
183547
57583
362965
424363
828645
839247
403622
654965
666059
464453
20440
22370
717974
796706
226009
57521
202906
362485
63558
513639
189586
367016
45656
250799
472097
951415
429522
491545
244172
101986
324768
185146
118870
5493
353723
161626
276733
239345
598786
841003
557387
341819
71823
118242
418248
914766
127015
745076
189170
408092
146437
846036
515152
344117
308613
767344
437200
776241
351469
300683
265579
332591
203359
909107
205928
312378
25269
361062
235800
225986
704837
163598
519297
149172
400668
223977
323053
278344
385266
268393
111381
572363
517486
397886
16062
232695
225035
341315
474385
238992
144847
505697
262104
914213
377429
276154
160272
23910
581891
748694
937657
29976
399675
469962
631883
502380
215962
412829
801757
403247
279047
371022
469478
240645
381652
2107
484182
488492
828452
81081
873966
766430
825583
783513
568773
103365
337560
767035
499575
410551
85775
170101
860903
357498
80012
18071
70859
757899
19264
500182
483844
625372
651748
637699
102892
618932
106801
889960
109146
380161
391881
306546
386638
145072
23711
311042
418675
235629
165256
479334
120766
789308
381475
5727
134766
1422
193001
331707
74277
272228
626669
271889
351655
514217
220494
408038
658510
380457
290678
628564
47869
724311
18466
562118
386766
48327
932280
263644
243085
545112
174001
255095
666554
824473
213151
696362
369112
29965
818244
349390
795485
591392
398797
806144
878521
177527
45162
334401
611030
910488
604682
123895
859765
239280
320536
869966
693217
624461
137152
303296
151268
413586
323576
410520
382830
648067
11876
311373
651323
847213
71010
130032
310584
630415
196622
774970
416036
333323
174433
165126
397760
763476
152197
666553
30391
267386
634403
925397
58508
180471
264997
52196
88433
4885
884197
80004
96312
337
528128
188371
487014
763385
684020
489266
659862
363005
103103
364522
569591
557367
182531
364571
201453
5160
87012
488434
938110
68626
256673
